status 1 gen muons for event 1
-11, 19.0516, 13, 10
22, 0.615237, 13, 10
12, 80.0271, 20, 53
22, 7.7636, 9, 62
211, 0.118696, -31, 46
-211, 2.6879, -2, 2
211, 0.933302, 24, 50
-211, 0.110121, 28, 45
2112, 1.45568, 0, 1
211, 0.0777894, 0, 29
321, 0.851468, 30, 70
-321, 1.51089, 31, 66
321, 0.498679, 31, 21
-211, 1.17343, 30, 10
211, 0.340402, 29, 28
-211, 1.60057, 29, 58
-2112, 0.692636, 0, 68
2112, 0.980035, 31, 58
211, 0.314118, 26, 69
-211, 0.17412, 8, 70
-211, 1.98009, 11, 62
-2212, 1.17399, -31, 20
2112, 1.42398, -30, 16
3122, 0.296546, 0, 8
321, 0.812083, 0, 12
-321, 2.84711, 10, 22
2112, 1.9429, 20, 69
3112, 0.605286, 29, 1
-3112, 1.21767, 29, 11
211, 0.767093, 28, 21
321, 2.7412, -31, 47
-211, 0.634617, -31, 31
211, 1.35855, -29, 15
-321, 0.535968, 0, 27
-321, 0.163245, -30, 17
211, 3.9918, -22, 51
-211, 0.694226, -22, 55
-2112, 0.456883, -26, 41
2212, 0.800343, -22, 49
211, 0.0482737, 15, 19
-211, 0.984272, 9, 65
-2112, 5.48263, 18, 39
2112, 4.35441, 16, 39
-2112, 11.9258, 16, 39
211, 1.8569, -25, 44
-2112, 1.88085, -24, 50
-211, 2.09685, 11, 34
2212, 0.283189, 23, 30
-2212, 5.01803, 9, 35
211, 0.173816, 21, 62
2112, 1.2323, 2, 28
-2112, 0.43402, 7, 28
211, 0.0592411, -30, 54
2112, 1.29132, 0, 24
321, 0.487035, -27, 54
-211, 2.25618, 28, 20
211, 0.640245, 20, 36
-211, 0.952203, 28, 47
211, 1.6711, 23, 33
3122, 0.506687, -24, 25
-2112, 0.870647, -17, 34
2112, 1.04326, -23, 38
-211, 1.70765, -13, 39
-2112, 0.871389, -18, 38
211, 0.518531, -10, 42
-321, 1.81384, 7, 69
-2212, 11.1118, 11, 66
211, 0.663025, 0, 5
-2112, 1.41188, -5, 58
2212, 1.3714, 0, 66
-211, 0.87057, 8, 57
211, 0.780812, 5, 13
211, 0.843525, 12, 24
3112, 0.750536, 0, 5
-3112, 2.16065, 3, 70
211, 3.12269, 0, 71
-211, 0.260119, 25, 8
211, 0.569766, -6, 5
-211, 1.42358, 8, 43
321, 4.56359, 8, 16
211, 14.1747, 1, 71
-211, 2.80077, -28, 16
321, 0.755589, -28, 26
211, 3.2668, -20, 12
-211, 2.69348, -18, 3
211, 3.532, -24, 71
-321, 0.288438, -31, 41
-211, 0.257694, 5, 28
211, 1.18475, 8, 23
-211, 7.01499, 4, 18
211, 7.95556, 3, 18
-211, 8.33047, 3, 20
2212, 0.675672, -2, 56
-321, 1.58386, 2, 55
211, 1.62972, -15, 3
211, 0.90514, -15, 2
-211, 1.05559, -13, 31
-2112, 2.82176, -21, 19
3122, 1.75908, -16, 27
-321, 6.2816, -10, 6
-211, 0.271115, 6, 69
2212, 2.00174, -15, 3
-321, 1.3526, -15, 9
211, 0.138743, -27, 14
321, 0.81175, 1, 6
130, 0.963749, 0, 58
-211, 0.234136, 31, 29
211, 0.42629, 31, 2
-211, 0.824458, 28, 54
22, 0.182698, 23, 59
22, 0.404946, 29, 63
22, 0.764562, 0, 60
22, 1.01721, 0, 61
-321, 0.246852, 0, 72
22, 0.39331, 30, 69
22, 0.304375, 30, 1
211, 0.356988, 30, 47
-211, 1.13682, 31, 57
22, 0.143451, 0, 54
22, 0.680705, 0, 59
22, 0.125394, 24, 48
22, 0.409879, 29, 29
211, 0.316279, 27, 38
-211, 0.0384049, 31, 34
-321, 0.69607, 20, 54
211, 0.655031, 12, 48
211, 0.318009, 15, 6
310, 4.89105, 2, 61
211, 0.100481, -29, 26
-211, 0.0965899, -29, 56
211, 2.05393, -30, 23
22, 0.801344, -30, 29
22, 0.199184, -31, 30
-211, 0.162157, 0, 20
211, 0.373477, 0, 16
321, 0.574157, 13, 7
-211, 0.481359, 6, 17
211, 0.285615, 2, 1
22, 0.606047, 25, 73
22, 0.196129, 27, 73
-2212, 0.561942, 24, 12
211, 0.104247, 28, 66
-211, 0.770844, 30, 28
321, 3.58347, 30, 27
-211, 0.138228, 31, 33
22, 0.0458916, 30, 23
211, 1.69582, 30, 30
-211, 0.478973, 29, 27
22, 0.0342586, -23, 73
22, 0.116531, -29, 63
-211, 0.209306, 0, 25
211, 1.48716, -29, 18
321, 0.397406, 0, 4
-211, 0.471129, -30, 12
211, 0.696012, 0, 15
130, 1.46159, -24, 53
22, 0.567123, -8, 62
22, 0.0390313, -16, 56
-211, 0.70375, -12, 38
211, 0.656752, 21, 44
211, 0.371231, 6, 68
-211, 0.247534, 6, 11
-211, 0.23227, 18, 20
321, 0.529058, 21, 18
-211, 0.478404, 11, 27
-211, 0.590315, 17, 32
211, 0.977046, 20, 23
22, 0.228467, 24, 51
22, 0.383753, 21, 55
-211, 0.790906, 22, 50
211, 0.427478, 22, 70
22, 0.154216, 10, 60
22, 0.562549, 11, 55
22, 0.697701, 22, 55
22, 0.0417206, -5, 66
-321, 2.92237, 14, 52
211, 2.35051, 17, 52
321, 0.669228, 12, 50
-211, 0.704751, 16, 45
211, 0.52165, 19, 47
-211, 0.439161, 3, 40
310, 2.47799, 19, 38
-14, 11.6097, 17, 39
13, 2.40256, 19, 36
-211, 0.238897, -24, 44
-211, 0.341469, -14, 57
-211, 0.446188, -5, 59
211, 0.520048, -13, 4
211, 0.574497, -14, 56
-211, 0.152437, 7, 12
211, 0.416016, 8, 30
22, 0.111904, 6, 25
22, 0.241718, 0, 32
-211, 0.761841, 8, 32
211, 0.255584, 4, 39
-211, 0.143683, -4, 9
211, 0.142372, 1, 33
321, 0.418165, -17, 59
-211, 0.314828, 0, 48
130, 0.277165, -24, 47
211, 0.192822, -10, 36
-211, 0.290857, -14, 9
211, 0.127265, 5, 51
-211, 0.233825, -11, 57
22, 0.0886771, -28, 49
211, 0.166984, -12, 47
-211, 0.245769, -21, 69
-211, 0.368292, -30, 65
211, 0.236672, 0, 40
-211, 0.115468, -31, 45
22, 0.37844, 0, 25
22, 0.252971, -31, 28
22, 0.337749, 0, 33
22, 0.750788, -30, 40
-211, 1.52409, -30, 38
211, 0.208067, -31, 53
-2212, 0.609826, -30, 13
211, 0.102914, -29, 64
-211, 0.384508, -27, 24
211, 0.833947, 27, 14
22, 0.0516857, 23, 40
22, 0.0813257, 27, 1
-211, 0.164171, 29, 47
211, 0.51743, 29, 30
22, 0.337155, 28, 21
22, 0.212288, 28, 25
211, 0.924824, 23, 32
-211, 0.0431619, 30, 2
22, 0.1675, 26, 44
22, 0.87408, 24, 43
22, 0.0818441, -27, 13
22, 0.0932242, -14, 12
321, 0.281214, 17, 62
-211, 0.29998, -6, 63
-211, 0.464938, 16, 1
211, 0.563963, 14, 57
2212, 6.94879, 11, 66
-211, 1.61306, 12, 67
211, 4.77163, 12, 66
22, 0.197796, 2, 19
22, 2.82786, 4, 18
211, 0.558905, -2, 16
-211, 2.77294, 1, 11
-211, 0.0752362, -13, 12
-211, 1.01905, -24, 51
-211, 0.547259, -22, 42
211, 0.159727, -20, 6
22, 0.267777, 2, 65
22, 0.900801, 3, 62
22, 0.161929, -6, 57
22, 1.24795, -5, 60
22, 2.42916, 2, 64
22, 0.250779, 1, 66
22, 5.0094, 5, 65
22, 1.10198, 4, 66
-211, 7.4208, 3, 65
211, 3.05971, 3, 66
211, 81.1053, 2, 64
-211, 48.5481, 2, 64
211, 2.32174, -17, 58
310, 1.2278, -12, 51
-211, 0.746947, -3, 1
211, 0.358133, 3, 59
130, 2.45663, 8, 61
22, 0.361721, -7, 13
22, 0.0233041, -20, 23
-211, 1.373, 9, 21
211, 0.625046, 9, 24
211, 0.56888, -3, 28
-211, 0.240127, 16, 32
-211, 0.167443, 25, 31
321, 0.540402, -4, 71
-211, 0.338419, -2, 8
-321, 3.55951, 1, 71
-211, 0.797372, 0, 72
211, 0.196863, 4, 70
-211, 2.30163, 1, 72
211, 35.4362, 25, 27
-211, 244.268, 25, 27
22, 21.8032, 25, 27
22, 34.6266, 25, 27
211, 2.85245, 25, 28
22, 0.655965, 26, 26
22, 0.251545, 27, 24
-211, 0.123782, 28, 29
211, 0.401916, 26, 25
2212, 2.42618, 23, 35
211, 0.238076, 27, 22
-211, 0.336372, 9, 30
-2212, 1.27238, 24, 40
22, 4.52787, 16, 42
-211, 2.07159, 18, 42
211, 0.94392, 14, 44
-211, 2.97801, 18, 45
211, 2.4966, 19, 40
-211, 0.469689, -8, 14
211, 0.557042, 5, 69
211, 0.61809, 9, 22
-211, 0.406244, 9, 6
-211, 0.494681, 7, 72
211, 0.448488, 8, 70
211, 0.265837, 3, 45
-211, 0.315966, 16, 15
-211, 0.315353, 20, 47
211, 0.343924, 5, 64
211, 0.355812, 5, 55
-211, 1.03844, 9, 55
211, 0.258048, 8, 57
-211, 1.61246, 11, 53
-211, 0.304721, 22, 49
211, 0.185133, -4, 25
-211, 0.954551, 23, 67
211, 0.250107, 12, 70
211, 1.11496, 20, 1
310, 0.389035, 25, 4
-211, 0.431314, 12, 9
22, 0.983726, 3, 70
211, 3.01889, 3, 71
-211, 6.16095, 2, 70
-211, 3.08258, 3, 71
22, 8.1727, 2, 71
22, 0.975897, 2, 70
211, 11.4573, 1, 71
-211, 19.6614, 1, 71
22, 0.301702, -25, 18
22, 0.251171, -26, 52
-211, 0.385712, -23, 10
22, 0.476184, -31, 51
22, 0.0369826, -31, 63
22, 0.614078, 5, 24
22, 0.860936, 4, 22
22, 0.597362, 8, 19
211, 1.21923, 5, 18
-211, 1.28342, 4, 19
22, 3.08918, 3, 18
22, 5.92595, 3, 18
211, 2.73182, 3, 18
-211, 2.30305, 3, 18
211, 4.05103, 3, 19
-211, 3.99661, 4, 17
211, 0.740415, 5, 19
211, 1.65681, 4, 20
-211, 1.39849, 2, 21
-211, 6.37648, 2, 19
321, 1.57476, 6, 23
-211, 1.29618, 10, 21
-211, 0.656664, 2, 23
211, 1.27365, 7, 14
-2212, 1.84654, 8, 29
211, 0.330149, -4, 55
22, 0.231736, 0, 46
22, 0.297459, -11, 19
130, 0.366457, -19, 48
22, 0.173511, -24, 23
22, 0.242543, -27, 20
-211, 0.543456, -18, 8
321, 1.41892, -12, 5
22, 0.0957292, -21, 19
22, 1.28548, -17, 19
22, 0.214975, -6, 57
22, 0.0901218, -8, 68
-2112, 3.24522, -11, 3
211, 1.55754, -13, 5
130, 1.0744, -23, 70
22, 0.115814, -22, 52
-211, 0.184836, -17, 38
22, 0.0934529, -4, 6
22, 0.30543, -10, 72
130, 0.623723, 31, 49
22, 0.161819, 29, 55
22, 0.0810561, 27, 50
22, 0.104281, 28, 26
22, 0.279414, 28, 18
22, 0.0836907, 29, 14
22, 0.0909745, 31, 4
22, 0.50466, 31, 11
22, 0.101202, 30, 5
22, 0.0559391, 31, 67
22, 0.293083, 31, 6
22, 0.258988, 0, 69
22, 0.544879, 0, 72
22, 0.29442, 31, 70
22, 0.242526, 31, 2
22, 0.157712, 31, 40
22, 0.0410978, 29, 21
22, 0.141646, 28, 48
22, 0.401965, 28, 54
130, 0.507763, 9, 17
22, 0.0298992, -29, 2
22, 0.119964, -24, 26
22, 0.133964, -29, 13
22, 0.0932274, -31, 14
22, 0.0231898, 0, 18
22, 0.670404, 0, 16
22, 0.48005, 3, 8
22, 0.152309, 1, 13
22, 0.104416, 31, 9
22, 0.041796, 0, 39
22, 1.00164, -31, 40
22, 0.436675, -31, 39
22, 0.122588, -31, 15
22, 0.583338, -30, 11
22, 0.0836238, -31, 40
22, 0.0658631, -27, 42
22, 0.0436042, -13, 25
22, 0.168339, -3, 42
22, 0.122567, 13, 70
22, 0.0803656, 20, 55
22, 0.0242542, 20, 58
22, 0.126182, 1, 38
130, 0.761884, 21, 41
22, 0.165727, 26, 60
22, 0.023848, 29, 30
22, 0.33696, 20, 17
22, 1.88262, 20, 19
22, 0.206103, 20, 49
22, 0.024342, 1, 54
22, 0.00224107, -6, 53
22, 1.31807, 17, 51
310, 2.43788, 18, 41
22, 0.953286, 15, 38
22, 0.756171, 17, 38
211, 3.83429, 17, 40
3122, 24.007, 16, 39
3122, 3.05864, -21, 49
22, 0.0891954, -20, 41
310, 0.45063, -21, 52
22, 1.03329, -18, 54
22, 0.238304, -20, 52
310, 1.3339, -23, 53
22, 0.477116, -15, 51
22, 0.262079, -11, 52
22, 0.0848618, -1, 52
22, 0.283698, -11, 50
22, 0.155026, -10, 49
22, 0.607513, -12, 54
22, 0.32769, -14, 69
22, 0.266114, -19, 70
22, 0.0210471, 11, 48
22, 0.0454385, -22, 39
22, 0.0637008, 0, 71
22, 0.0457968, 16, 41
22, 0.0447013, 3, 70
22, 0.120411, 5, 23
22, 0.228631, 12, 39
22, 0.14109, 5, 35
22, 0.0638223, 2, 39
22, 0.671628, 0, 31
22, 0.118252, -2, 22
22, 0.708545, 2, 23
22, 0.165648, -22, 24
22, 0.0283196, -25, 55
22, 0.170909, -4, 45
22, 0.296835, -5, 38
211, 0.472634, -20, 56
-211, 0.258634, -29, 67
22, 0.040884, -25, 39
22, 0.267073, -14, 44
22, 0.10479, -29, 31
22, 0.201617, -29, 20
22, 0.281977, -31, 19
22, 0.136433, -30, 25
22, 0.592049, -28, 40
22, 0.0709706, -30, 41
310, 1.49708, 27, 17
22, 0.171901, 27, 13
22, 0.214353, 28, 7
310, 1.14327, 27, 8
22, 0.383452, 28, 31
22, 0.117816, 27, 27
22, 0.181431, 11, 67
22, 0.141849, 10, 57
22, 0.955172, 10, 65
22, 0.919264, 9, 66
22, 0.0906462, -4, 17
22, 2.00509, -1, 15
22, 0.0515385, -30, 54
22, 0.22363, -28, 46
22, 0.730936, 2, 65
22, 0.652066, 4, 64
22, 40.1816, 2, 64
22, 59.5864, 2, 64
22, 0.205558, -18, 58
22, 1.21211, -20, 61
130, 1.17505, -6, 67
310, 1.31333, 0, 70
22, 0.555354, 7, 19
22, 0.255482, 8, 23
22, 0.283049, 10, 33
22, 0.0956371, 2, 40
22, 1.35471, 0, 72
22, 2.23519, 0, 72
22, 0.907444, 1, 72
22, 2.07198, 0, 70
22, 0.563351, 6, 68
22, 0.49656, 3, 68
22, 4.4151, 25, 27
22, 10.3586, 25, 27
22, 0.705489, 24, 26
22, 0.755383, 25, 27
22, 0.00262732, 29, 39
11, 0.130596, 22, 33
-11, 1.12908, 22, 33
22, 0.380181, 22, 42
22, 0.297169, 24, 45
22, 0.866037, 20, 42
22, 0.508121, 18, 44
22, 1.00471, 19, 39
22, 5.35067, 19, 40
22, 1.93348, 16, 42
22, 0.979439, 16, 41
211, 0.218531, 11, 70
-211, 0.142004, 20, 5
22, 0.217807, 24, 8
22, 0.0560589, 17, 20
22, 0.116323, 16, 57
22, 0.0949449, 4, 51
22, 0.127749, 18, 48
22, 0.94382, 13, 47
22, 0.252992, 25, 63
22, 0.129727, 24, 71
310, 1.07541, 18, 4
22, 0.415151, 17, 73
22, 0.676592, 19, 1
22, 0.314133, 7, 72
22, 0.441119, 4, 2
12, 3.07696, 3, 69
-11, 4.15922, 3, 73
22, 0.851211, 2, 71
22, 6.55055, 2, 71
22, 2.88683, 1, 70
22, 6.75005, 1, 70
22, 4.85849, 1, 71
22, 10.896, 1, 71
130, 3.24658, -28, 15
22, 0.0683612, -24, 73
22, 0.0825692, -28, 17
22, 0.282138, -26, 14
22, 0.0456657, -28, 22
22, 0.568563, 3, 18
22, 0.448997, 0, 18
22, 4.84584, 3, 18
22, 7.00258, 3, 18
22, 0.621433, 3, 19
22, 0.645105, 1, 18
130, 7.05645, 3, 20
22, 0.0177654, 4, 10
22, 0.464401, 1, 29
22, 0.862682, 2, 45
22, 0.613515, 4, 47
22, 0.213427, -27, 31
22, 0.0415229, -27, 50
22, 0.0777462, -7, 72
22, 0.0528498, 0, 33
310, 1.21087, -14, 7
22, 0.107755, -15, 4
22, 0.644941, -21, 6
-211, 0.346288, -27, 70
211, 0.407574, -15, 3
130, 0.588715, -17, 66
22, 0.380903, 18, 51
22, 0.781287, 17, 49
22, 0.0965067, 20, 44
22, 0.481998, 16, 50
22, 0.825076, 15, 50
22, 0.423302, 14, 48
22, 32.0975, 16, 39
22, 7.44688, 16, 40
22, 0.0731127, 8, 56
22, 0.219188, 6, 69
-211, 14.8194, 3, 70
22, 0.268712, 1, 71
22, 3.10106, 3, 70
211, 20.3671, 3, 70
130, 29.3862, 3, 70
